50
50 754.4
238.4 652.6
97.6 661.2
68 817.6
-114.4 767.6
28 719.6
86 908
228.4 772
136 796.8
104 897.6
250 832.4
153.6 772.4
122 682.4
102.8 738.4
184.8 734.4
140 689.6
294.4 682
321.6 561.6
158 563.2
339.2 518.8
182 586
176 733.6
225.2 693.6
242.4 627.2
194 759.2
391.2 711.6
108 863.2
212 702
303.2 748.4
236.8 606.8
230 680.4
350.4 757.2
287.2 1024.4
248 945.6
301.2 1013.6
416.4 986
266 937.2
415.6 994.8
454 868.8
284 765.2
296.8 666.8
386.8 945.2
302 799.2
273.6 914
314.8 955.6
320 903.6
458.4 772
520.8 804.4
338 916
279.6 1012.8
246.8 712.8
356 732
186 694
389.6 403.6
374 600.4
386 532.8
590.4 974
392 788.4
440.4 690.8
383.2 760.8
410 925.6
600 890.4
573.2 817.6
428 925.6
572.8 825.6
260 622.4
446 654
368 659.6
523.2 939.2
464 830
511.6 766
293.6 872
482 844.4
308.4 842.4
412.4 798
500 790
538.4 758
377.6 599.6
518 618.8
630 684.4
415.6 871.2
536 733.6
493.6 854
553.2 1096
554 898.8
556 888
585.2 882.4
572 721.2
673.2 610.8
616.8 704.4
590 715.2
759.6 836.4
410.4 761.6
608 834.8
660 966.8
770.8 826.4
626 923.2
684.4 1108.4
493.2 529.6
644 582.8
816.4 766
607.6 481.6
662 618
588.4 688.8
777.6 458.4
680 559.2
637.2 412
812 756.4
698 640.8
542.8 648.8
912.8 768.8
716 905.2
857.2 1048.8
635.2 915.2
734 791.2
808 761.6
722.4 620
752 671.6
618.4 617.2
784.8 833.6
770 938.8
784 959.2
777.6 1064
788 864
858.8 970.8
962.4 874.4
806 871.2
728.4 903.6
717.2 653.2
824 732.8
713.2 848.4
961.6 707.6
842 782.4
767.6 801.2
1040.8 822
860 784.4
672.8 692.4
712.4 1072.4
878 893.2
692 998
893.6 473.6
896 566.8
824.4 453.2
886.4 672.4
914 566
1082.8 377.2
1128.4 749.2
932 904.8
880.8 1022
825.2 940.4
950 800.8
