50
50 225.2
75 184.2
102.8 307.6
68 298.4
29.6 127.2
-6.80000000000001 360.5
86 337.7
-83.6 351.3
-75.6 509.8
104 339.8
34 227
128 31
122 85.4
157.2 45.8
295.2 241.2
140 148.4
248 340.8
12.8 150.4
158 200
107.6 240.8
166.4 108.6
176 72.2
-21.2 50.6
2 34
194 201.2
98 184
313.2 358.7
212 257.9
184 292.7
129.6 437.2
230 261.2
296.8 276.8
72 101.4
248 218.6
293.2 349.8
411.6 46.5
266 89.3
316 -59.9
408.8 205.2
284 257.6
437.6 173.6
283.2 151.5
302 277.1
445.2 145.1
472 122.8
320 66.8
354.4 109.6
326 392.8
338 260
178.8 405.6
351.6 16.1
356 94.1
418.4 283.7
442.8 443.7
374 329.3
176.4 207.3
504.4 19.3
392 62.9
588 -84.3
453.2 94.8
410 142.4
475.2 9.59999999999999
387.6 440.6
428 259.4
537.2 317.4
336.8 73
446 264.2
520.4 176.2
308.4 -105.9
464 56.9
333.2 59.7
543.2 111
482 90.2
440.4 227.4
340.4 245.3
500 248.9
674.4 300.1
427.6 424.6
518 341
431.6 295.8
446.8 240.4
536 257.6
582 132.4
592.8 487.6
554 346.4
569.6 283.6
523.2 302.5
572 118.1
661.6 -46.3
727.6 239.9
590 58.7
488.8 219.5
521.2 388.8
608 296
692.8 206.4
538 16.2
626 127.4
738 256.2
548.8 189.1
644 128.3
491.2 161.9
534.8 344.3
662 220.7
812 333.1
761.2 38.9
680 148.1
649.2 318.1
702.8 100.9
698 61.7
627.6 226.1
534.8 270.7
716 260.3
717.6 243.1
614.4 324.7
734 278.3
930 145.5
841.6 218.7
752 155.9
715.6 134.3
612.4 392.3
770 247.1
940 307.9
602.8 343.6
788 287.6
594.4 259.6
733.6 87.7
806 103.7
854 14.1
903.2 122.8
824 136.4
757.2 111.2
876 519.2
842 323.6
946.8 310.4
777.6 109.1
860 249.5
672.4 250.7
970 161.9
878 112.7
835.6 53.9
784 296.7
896 131.9
737.6 211.5
814.4 194
914 266
1010.8 302
873.6 268.9
932 348.5
737.2 321.3
880.8 172.9
950 122.9
