100
50 738.8
109 667.4
-126.6 1044
59 900
196.2 760.8
169.2 702.8
68 902.4
133.6 1006
-111.4 421.6
77 577.6
179.4 752
171.6 507.2
86 687.2
178.4 618.8
267.8 892.8
95 805.6
-38.2 646.8
148.8 678.8
104 773.6
-54.4 878.4
262.6 675.6
113 863.6
-76.2 919.2
124 820.8
122 763.2
15.6 851.6
215.4 804.4
131 636.4
172.2 684
29.2 732.8
140 691.6
184.4 542.4
177 773.6
149 678
59 524.4
326.4 1032.8
158 888.4
297.2 697.2
341.8 789.6
167 626.4
241 548
330 688
176 700
298.8 667.6
42.6 853.6
185 798.8
107.8 803.6
366 682.4
194 691.2
140.8 691.2
45.8 633.6
203 674.4
159.8 826.8
411.6 973.6
212 837.2
76 721.6
271.8 781.6
221 934.4
293.4 1047.2
418 996
230 844.4
400 1017.2
356.2 490.8
239 620
145 796
230 682
248 692.8
130.4 721.2
289.4 740.8
257 845.6
141.8 750.8
416.4 790
266 794.4
121.2 713.6
233.8 953.2
275 772.4
229.8 736.8
182 974.8
284 906.8
271.2 723.6
488.6 475.2
293 620.4
480.6 617.6
474.8 832
302 740.4
244.8 585.6
271.8 1064.8
311 910.8
417 884.8
477.2 863.6
320 924.8
191.2 1036.4
365 1050.4
329 890.4
455.8 838
197.2 483.2
338 640.4
508.4 684.8
493.4 634
347 704
317 852
504 588.8
356 666.4
374.4 756
423.4 714.4
365 874.4
497.4 923.6
315.6 585.6
374 639.6
453.2 613.6
282.6 954
383 910
549.8 1037.6
341.2 506
392 636.8
584 718.4
329 839.2
401 761.2
522.6 656.4
350.4 960
410 888
314 815.2
439.8 872.8
419 922.4
518.2 1036.8
445.6 493.6
428 685.2
446.8 804.8
587 734.4
437 662.4
363.4 512
358.4 682
446 724.4
348.8 906.4
486.6 679.6
455 783.2
256.6 866
352 875.6
464 686
388.4 707.6
302.2 733.6
473 921.2
631.8 979.6
580.4 565.6
482 663.6
449.2 790
394.6 1007.2
491 896.4
438.2 878
648.8 593.6
500 575.6
509.6 437.2
446.6 817.6
509 768.4
637.4 582
583.6 757.2
518 671.2
441.2 582.8
677.8 749.6
527 705.6
665 772
649.2 898.8
536 707.6
425.6 901.2
407.4 811.2
545 803.6
531.4 952
496 794
554 907.2
728.4 958
565 794
563 698.8
445.8 742.4
721.6 1004
572 862
378 1060.4
526.2 512.4
581 618.8
408.2 758.4
659.6 826.8
590 690.8
635.2 614.4
723.4 768.8
599 639.2
797 608.8
588.4 849.6
608 675.6
536 568.8
784.6 597.6
617 772.4
802.2 905.2
722.4 660
626 828
574.8 987.6
741 623.6
635 755.6
740.6 658.8
445.2 665.6
644 728
642 587.6
811.4 599.6
653 767.2
454.6 736.8
694 701.2
662 625.6
468.8 549.6
479 697.6
671 570.4
611.8 743.2
533.2 997.2
680 864.4
839.2 982.4
639.4 883.6
689 914.4
821 925.6
881.6 662.8
698 601.6
638 780
675.8 748.4
707 633.2
546.6 510
830 452
716 621.2
810 646
821.4 477.2
725 668.8
902.2 726.8
840 602.4
734 683.6
918.4 621.2
749 1006.4
743 809.2
844.2 652.4
911.2 989.6
752 826
770.8 756.4
897.8 738
761 783.6
813.4 867.6
767.2 700.4
770 688.8
699.2 695.6
675.4 705.2
779 854
811.4 673.6
920.8 526.4
788 650
595.2 602
785 626
797 614.8
690.6 427.6
871.6 639.2
806 813.2
795.6 806
773.8 832.4
815 814.8
745.8 1004.8
956 717.6
824 735.6
888 846.4
708.2 650
833 751.2
739 836.8
967.2 861.6
842 839.2
1012.4 893.2
776.2 598.8
851 604
724.6 428.8
882.8 799.6
860 910.4
952.8 1076
755.8 542.8
869 706.4
735.8 605.2
685.2 807.6
878 758
766.4 811.6
1036.2 804.4
887 877.2
1038.2 781.2
843.2 652.4
896 647.6
987.6 781.2
923.4 988.4
905 794.4
1021 767.6
810.8 848.8
914 825.2
976.8 825.2
753.8 861.2
923 868.4
750.2 714.8
1086.4 899.2
932 710
872.4 513.6
988.6 743.2
941 726.4
783 591.6
867.2 1126.8
950 939.6
