50
50 731.3
155.6 596.1
225.2 202
68 240.8
-37.6 220.8
-94.4 296
86 158
82.4 -13.6
74.8 404.7
104 524.3
150 490.7
11.6 302.8
122 474.8
254.4 624.4
240.8 659.1
140 650.3
190.4 621.9
329.6 761.4
158 671
72.8 836.6
36.4 705.6
176 849.2
152 712
83.2 750.9
194 677.3
201.6 818.1
74.8 838.8
212 647.6
147.2 492.8
347.2 672.8
230 474.8
72 594
323.2 189.3
248 187.7
184.4 83.7
151.6 599.1
266 700.7
72.4 692.3
208.8 35.2
284 107.6
217.2 262.8
403.6 384.4
302 240.8
119.2 324
322 262.8
320 352.4
225.6 550.8
395.6 349.2
338 215.6
206.4 136
548.8 316
356 269.6
308.4 73.2
367.6 204
374 118.4
350 171.2
322.8 669.4
392 843.8
552.4 994.2
362.8 302.2
410 361.4
466 524.6
355.2 168.9
428 281.3
574.4 314.5
432.4 720.9
446 914.9
512 968.1
368 245.6
464 276.8
493.6 363.2
482.8 51.2
482 111.2
490 -3.2
558 609.9
500 675.5
411.6 863.1
411.2 499
518 591.8
619.6 706.6
628.8 224.6
536 397.4
387.6 269.8
401.6 915.4
554 912.2
415.6 795.8
596 661.2
572 780.8
642 933.2
593.2 762.8
590 741.2
759.2 598.4
636.4 3.80000000000001
608 195.8
503.2 243.4
606 542
626 543.2
688.4 636.8
779.2 -46.4
644 86
496 158
562 635.7
662 828.5
715.2 724.1
750.8 673.1
680 653.9
554.8 454.3
803.6 717.3
698 688.1
860 816.1
741.2 549.3
716 598.1
885.6 692.1
894.8 137.9
734 70.7
558.4 32.7
822.8 78.1
752 144.5
821.6 143.3
825.2 909
770 825.8
918 886.6
740.8 485.5
788 488.3
912.4 466.7
768.8 137.3
806 223.7
933.2 60.1
879.6 210.6
824 311
723.2 235
771.6 408.2
842 300.2
904 169
1022.8 545
860 365
663.2 519.4
904.4 509.9
878 639.5
739.2 491.5
909.6 545.2
896 467.6
724 445.6
946.8 612.1
914 418.1
841.2 592.1
829.2 433.7
932 554.9
1086 511.7
830.4 772.2
950 683.6
