50
50 926.6
59.6 737.6
167.2 250.5
68 263.3
244 252.1
-59.2 435
86 303.8
-55.6 330.2
238 467.3
104 526.1
-6.40000000000001 395.7
116.4 85.5
122 171.5
75.2 71.9
174 829.6
140 921.2
-47.6 1090.8
310 633.4
158 635
319.2 559.8
31.2 203.3
176 234.5
73.6 374.9
367.6 899.4
194 768.2
300.4 570.6
291.2 910
212 770
284.8 644.4
89.6 440.8
230 248
374.8 67.6
430.4 451.7
248 558.5
264 727.3
118 301.6
266 363.2
116.8 175.2
374.8 787.5
284 772.7
414.4 756.7
465.6 715.2
302 651.2
289.6 582.4
278.4 377.2
320 179.6
212.4 105.2
197.6 513.4
338 588.2
472 778.2
537.2 247.5
356 117.5
508 -0.900000000000006
364 480.3
374 675.5
563.6 809.5
199.6 609.5
392 556.7
495.2 735.9
276.8 377.8
410 285.8
317.2 386.6
320.4 531.8
428 674.6
506 809
544.8 805
446 692.6
280.4 819.8
417.2 818.1
464 940.1
450 790.5
503.6 421.6
482 381.2
388.8 188.8
410.4 517.5
500 387.5
389.6 435.9
592.8 228.7
518 268.7
339.6 200.7
706.8 587.4
536 534.2
688.8 482.6
731.2 420
554 550.4
469.6 721.2
752.4 645.3
572 598.1
759.2 626.1
722 800
590 896
752.8 886.8
446.8 374.3
608 535.1
513.2 641.9
628.4 251.2
626 330.8
570 300
553.6 770.9
644 662.9
747.6 576.5
593.2 320.9
662 356.9
689.2 309.7
773.2 138.3
680 160.7
784.8 237.9
828.4 558.5
698 378.5
572.4 403.3
722 951.9
716 801.5
890.4 619.9
673.2 710.1
734 749.3
710.4 616.1
644.4 926.5
752 806.9
616.8 748.9
721.2 778
770 921.2
873.2 908
628.8 233.7
788 274.1
718 416.5
853.6 369.8
806 465.8
736.8 402.2
643.2 687.1
824 873.5
656.4 956.3
847.6 95.2
842 280.4
878.8 106
676.4 182.6
860 73.4
808 161
717.2 643.6
878 453.2
1011.2 519.2
992.4 337.5
896 423.5
903.2 416.3
764.4 484
914 348.8
765.2 429.2
805.2 883.8
932 847.4
917.2 686.2
937.8 575.1
950 378.5
